      1,           0.,           0.
      2,           1.,           0.
      3,           2.,           0.
      4,           3.,           0.
      5,           4.,           0.
      6,           5.,           0.
      7,           6.,           0.
      8,           7.,           0.
      9,           8.,           0.
     10,           9.,           0.
     11,          10.,           0.
     12,           0.,           1.
     13,           1.,           1.
     14,           2.,           1.
     15,           3.,           1.
     16,           4.,           1.
     17,           5.,           1.
     18,           6.,           1.
     19,           7.,           1.
     20,           8.,           1.
     21,           9.,           1.
     22,          10.,           1.
     23,          0.5,           0.
     24,           1.,          0.5
     25,          0.5,           1.
     26,           0.,          0.5
     27,          1.5,           0.
     28,           2.,          0.5
     29,          1.5,           1.
     30,          2.5,           0.
     31,           3.,          0.5
     32,          2.5,           1.
     33,          3.5,           0.
     34,           4.,          0.5
     35,          3.5,           1.
     36,          4.5,           0.
     37,           5.,          0.5
     38,          4.5,           1.
     39,          5.5,           0.
     40,           6.,          0.5
     41,          5.5,           1.
     42,          6.5,           0.
     43,           7.,          0.5
     44,          6.5,           1.
     45,          7.5,           0.
     46,           8.,          0.5
     47,          7.5,           1.
     48,          8.5,           0.
     49,           9.,          0.5
     50,          8.5,           1.
     51,          9.5,           0.
     52,          10.,          0.5
     53,          9.5,           1.